// This input file was created by SRH2D-Pre for use by SRH-2D
// casename of the problem:  constriction
// JobName:  Constriction case                                                                                                                                                                                                                                                                                           
// MOD_SOLVER MOD_EROSION MOD_TURBIDITY MOD_TEMPERATURE MOD_BANK_ERO
   3   0   0   0   0
// MOD_CHAN MOD_COUP MOD_RAIN MOD_STORAGE MOD_INFIL
   0   0   0   0   0
// MOD_VIS MOD_TURB
   1   2
// NCELLT NVERTT NFACET NBDF NCLVT
       202       130       331        56       606
// NZTB,N_OVERBANK
         0         0
// NBLOCK NVPL3D NFPL3D
         1         0         0
// ITRANS NTSTEP NITER IREST IGFORM IGRAPH IOUTP UNIT
  1      -1       1  0  4  2  0  1
// Nbound N_inletQ N_Qbdf N_tdbc NCUT init_nzone init_method Nrough
        2        1        6   0   0   1   1   0
// TSTART(s) DT(s) DT_CHAN(s) TOTAL_SIMU_TIME(hr) GSCALE A_TURB
   0.0000000E+00   1.0000000E+00   1.0000000E+00   1.8000000E+03   1.0000000E-06   1.0000000E+00   0.0000000E+00
// EXIT_CR & EXIT_NORMAL Info
   0   0
// Initial Condition Field: WSE U V TK ED Temperature
   0.0000000E+00   0.0000000E+00   0.0000000E+00   1.0000000E-10   1.0000000E-10   2.0000000E+01
// NTVF NTVFTB NTVFSZ:
       0       0       1
// N_FUNC POINTER_FUNC
       0       1
// Rainfall: RAIN_START RAIN_END CONST_INTENSITY
   0.0000000E+00   0.0000000E+00   0.0000000E+00
// Landuse: NCLASS
   0
// Intermediate Result Output Control: prt%interval prt%time_int(s) prt%user_for_print
      -1   3.6000000E+01   0
// Hydrograph Printout at Points: prt%nhydrog
     0
// Monitoring Point Output Info: NPOINT=number of points
   1
// CELL_ID X(meter) Y(meter) for all NPOINT points
       36    0.9500000000E+01    0.1500000000E+01
// Number of MONITOR LINES; output to _LNi.dat & _LN_EXITi.dat files
   1
// LINE Information: Nface Flag & then Face_ID(..)
       0       0

// Momemtumless Mass Sources: nmass=number of mesh zones
   0
// New Modeling Options: n_Drawdown,n_exitQ_special
     0     0
// LCLVT1
   3   3   3   3   3   3   3   3   3   3   3   3   3   3   3   3   3   3   3   3
   3   3   3   3   3   3   3   3   3   3   3   3   3   3   3   3   3   3   3   3
   3   3   3   3   3   3   3   3   3   3   3   3   3   3   3   3   3   3   3   3
   3   3   3   3   3   3   3   3   3   3   3   3   3   3   3   3   3   3   3   3
   3   3   3   3   3   3   3   3   3   3   3   3   3   3   3   3   3   3   3   3
   3   3   3   3   3   3   3   3   3   3   3   3   3   3   3   3   3   3   3   3
   3   3   3   3   3   3   3   3   3   3   3   3   3   3   3   3   3   3   3   3
   3   3   3   3   3   3   3   3   3   3   3   3   3   3   3   3   3   3   3   3
   3   3   3   3   3   3   3   3   3   3   3   3   3   3   3   3   3   3   3   3
   3   3   3   3   3   3   3   3   3   3   3   3   3   3   3   3   3   3   3   3
   3   3
// LCLVT2
        65        85        84        66        86        87        60        84
        85        59        87        86        57       110        67        58
        69       109         2       107        11         4        28       106
         7       108        34         9        51       105        31       112
        74        54        73       111        11       107        97        51
        95       105        28        96       106        34       108        98
        22        78        71        22        71       123        37       124
        71        59        67        99        59       100        68        60
       101        69        60        70       102        37        71        91
        59        93        67        59        68        93        60        69
        94        60        94        70        39        87        40        24
        25        86        47        48        85        16        84        17
        57        67        93        58        94        69        54        90
        73        31        74        89        40        99        41        25
        26       100        48        49       101        17       102        18
        41        99       125        26       126       100        49       127
       101        18       102       128        52       111        95        33
        98       112        31        32       112        53        54       111
        40        87        99        25       100        86        48       101
        85        17        84       102         8        43        75         3
        75        12        52        53       111        32        33       112
        57        74       110        58       109        73        61        73
       109        64       110        74        10        95        51        10
        52        95         5        29        96         5        96        28
         1        11        97         1        97        56         6        34
        98         6        98        33        57       103        74        58
        73       104        69        80       109        67       110        82
        12        75        79        62       117        81        63        83
       118        61       111        73        64        74       112       103
       117        62       104        63       118        21        22       123
        36       124        37        35        76       124        20       123
        76        35        88        76         8        75        88         3
       122        75        43       121        75        72        79       121
        65        77        92        66        91        78        72       121
       130        35       124        36        20        21       123        54
        55        90        30        31        89        71        78        91
        72        92        77        22        23        78        14        77
        15        12        79        13        20        76       122        75
       121        79        65        92       114        66       116        91
        61       105        95        62       106        96        63        97
       107        64        98       108         8        88        35        75
       122        88        60       102        84        60        85       101
        59        86       100        59        99        87        57        93
       117        58       118        94        67       125        99        68
       100       126        70       128       102        69       101       127
        72       130        92        68       117        93        70        94
       118        27        81       126        50        80       127        42
       125        82        19       128        83        14       129        77
        72        77       129        15        77       113        23       115
        78        65       113        77        66        78       115        72
       129        79        13        79       129        74       103        89
        73        90       104        26        27       126        49        50
       127        41       125        42        18       128        19        61
        95       111        64       112        98        37        91        38
        45        46        92        76        88       122        50       105
        80        27       106        81        19        83       107        42
        82       108        61        80       105        62        81       106
        63       107        83        64       108        82        61       109
        80        64        82       110       126       117        68       128
        70       118        81       117       126        83       128       118
        45        92       130        46       114        92        38        91
       116        16       113        84        47        85       114        24
        86       115        39       116        87        62        89       103
        63       104        90        65        84       113        65       114
        85        66       115        86        66        87       116         9
       105        50         4       106        27         2        19       107
         7        42       108        67        82       125        69       127
        80        46        47       114        15       113        16        23
        24       115        38       116        39        62       120        89
        63        90       119        29        30       120        55        56
       119        62        96       120        63       119        97        44
       130       121        43        44       121        29       120        96
        56        97       119        30        89       120        55       119
        90         3        20       122        13       129        14        44
        45       130        57       117       103        58       104       118
        71       124       123        76       123       124
// LFCVT2
        10        52        52        53        53        54        54        55
        55        56        56         1         5        29        29        30
        30        31        31        32        32        33        33         6
        65        85        85        84        84        65        66        86
        86        87        87        66        60        84        85        60
        59        87        86        59        57       110       110        67
        67        57        58        69        69       109       109        58
         2       107       107        11        11         2         4        28
        28       106       106         4         7       108       108        34
        34         7         9        51        51       105       105         9
        31       112       112        74        74        31        54        73
        73       111       111        54       107        97        97        11
        51        95        95       105        28        96        96       106
       108        98        98        34        22        78        78        71
        71        22        71       123       123        22        37       124
       124        71        71        37        59        67        67        99
        99        59        59       100       100        68        68        59
        60       101       101        69        69        60        60        70
        70       102       102        60        71        91        91        37
        59        93        93        67        68        93        69        94
        94        60        94        70        39        87        87        40
        40        39        24        25        25        86        86        24
        47        48        48        85        85        47        16        84
        84        17        17        16        93        57        58        94
        54        90        90        73        74        89        89        31
        40        99        99        41        41        40        25        26
        26       100       100        25        48        49        49       101
       101        48        17       102       102        18        18        17
        99       125       125        41        26       126       126       100
        49       127       127       101       102       128       128        18
        52       111       111        95        95        52        33        98
        98       112       112        33        32       112       111        53
        87        99       100        86       101        85        84       102
         8        43        43        75        75         8         3        75
        75        12        12         3        57        74        74       110
       109        73        73        58        61        73       109        61
        64       110        74        64        10        95        51        10
        29        96        96         5        28         5         1        11
        97         1        97        56         6        34        98         6
        57       103       103        74        73       104       104        58
        69        80        80       109       110        82        82        67
        75        79        79        12        62       117       117        81
        81        62        63        83        83       118       118        63
        61       111       112        64       103       117        62       103
       104        63       118       104        21        22       123        21
        36       124        37        36        35        76        76       124
       124        35        20       123       123        76        76        20
        35        88        88        76        75        88        88         8
         3       122       122        75        43       121       121        75
        72        79        79       121       121        72        65        77
        77        92        92        65        66        91        91        78
        78        66       121       130       130        72        36        35
        20        21        55        90        89        30        72        92
        77        72        22        23        23        78        14        77
        77        15        15        14        79        13        13        12
        76       122       122        20        92       114       114        65
        66       116       116        91        61       105        95        61
        62       106        96        62        63        97       107        63
        64        98       108        64        35         8       122        88
        93       117       117        57        58       118       118        94
        67       125       126        68        70       128       127        69
       130        92        68       117       118        70        27        81
        81       126       126        27        50        80        80       127
       127        50        42       125       125        82        82        42
        19       128       128        83        83        19        14       129
       129        77       129        72        77       113       113        15
        23       115       115        78        65       113       115        66
       129        79       129        13       103        89        90       104
        26        27        49        50        42        41        19        18
        91        38        38        37        45        46        46        92
        92        45        50       105       105        80        27       106
       106        81        83       107       107        19        82       108
       108        42        61        80        82        64       126       117
       118       128       130        45        46       114       116        38
        16       113       113        84        85       114       114        47
        86       115       115        24        39       116       116        87
        62        89        90        63        50         9        27         4
         2        19         7        42        46        47        16        15
        23        24        39        38        62       120       120        89
        90       119       119        63        30       120       120        29
        56       119       119        55        96       120       119        97
        44       130       121        44        43        44         3        20
        14        13        44        45       124       123
// MESH: X Y Bed_Elev from non-raster mesh
         1  0.0000000000000000E+00  0.0000000000000000E+00  0.0000000000000000E+00
         2  1.0000000000000000E+00  0.0000000000000000E+00  0.0000000000000000E+00
         3  5.0000000000000000E+00  1.0000000000000000E+00  0.0000000000000000E+00
         4  9.0000000000000000E+00  0.0000000000000000E+00  0.0000000000000000E+00
         5  1.0000000000000000E+01  0.0000000000000000E+00  0.0000000000000000E+00
         6  1.0000000000000000E+01  3.0000000000000000E+00  0.0000000000000000E+00
         7  9.0000000000000000E+00  3.0000000000000000E+00  0.0000000000000000E+00
         8  5.0000000000000000E+00  2.0000000000000000E+00  0.0000000000000000E+00
         9  1.0000000000000000E+00  3.0000000000000000E+00  0.0000000000000000E+00
        10  0.0000000000000000E+00  3.0000000000000000E+00  0.0000000000000000E+00
        11  5.0000000000000000E-01  0.0000000000000000E+00  0.0000000000000000E+00
        12  4.5352129999999997E+00  9.8984799999999995E-01  0.0000000000000000E+00
        13  4.0713309999999998E+00  9.5915680000000003E-01  0.0000000000000000E+00
        14  3.6093530000000000E+00  9.0719530000000004E-01  0.0000000000000000E+00
        15  3.1504840000000001E+00  8.3265299999999998E-01  0.0000000000000000E+00
        16  2.6963140000000001E+00  7.3347730000000000E-01  0.0000000000000000E+00
        17  2.2491189999999999E+00  6.0658719999999999E-01  0.0000000000000000E+00
        18  1.8124300000000000E+00  4.4737240000000000E-01  0.0000000000000000E+00
        19  1.3922600000000001E+00  2.4881529999999999E-01  0.0000000000000000E+00
        20  5.4647870000000003E+00  9.8984799999999995E-01  0.0000000000000000E+00
        21  5.9286690000000002E+00  9.5915680000000003E-01  0.0000000000000000E+00
        22  6.3906470000000004E+00  9.0719530000000004E-01  0.0000000000000000E+00
        23  6.8495160000000004E+00  8.3265299999999998E-01  0.0000000000000000E+00
        24  7.3036859999999999E+00  7.3347730000000000E-01  0.0000000000000000E+00
        25  7.7508809999999997E+00  6.0658719999999999E-01  0.0000000000000000E+00
        26  8.1875699999999991E+00  4.4737240000000000E-01  0.0000000000000000E+00
        27  8.6077399999999997E+00  2.4881529999999999E-01  0.0000000000000000E+00
        28  9.5000000000000000E+00  0.0000000000000000E+00  0.0000000000000000E+00
        29  1.0000000000000000E+01  5.0000000000000000E-01  0.0000000000000000E+00
        30  1.0000000000000000E+01  1.0000000000000000E+00  0.0000000000000000E+00
        31  1.0000000000000000E+01  1.5000000000000000E+00  0.0000000000000000E+00
        32  1.0000000000000000E+01  2.0000000000000000E+00  0.0000000000000000E+00
        33  1.0000000000000000E+01  2.5000000000000000E+00  0.0000000000000000E+00
        34  9.5000000000000000E+00  3.0000000000000000E+00  0.0000000000000000E+00
        35  5.4647870000000003E+00  2.0101520000000002E+00  0.0000000000000000E+00
        36  5.9286690000000002E+00  2.0408430000000002E+00  0.0000000000000000E+00
        37  6.3906470000000004E+00  2.0928049999999998E+00  0.0000000000000000E+00
        38  6.8495160000000004E+00  2.1673469999999999E+00  0.0000000000000000E+00
        39  7.3036859999999999E+00  2.2665229999999998E+00  0.0000000000000000E+00
        40  7.7508809999999997E+00  2.3934129999999998E+00  0.0000000000000000E+00
        41  8.1875699999999991E+00  2.5526279999999999E+00  0.0000000000000000E+00
        42  8.6077399999999997E+00  2.7511850000000000E+00  0.0000000000000000E+00
        43  4.5352129999999997E+00  2.0101520000000002E+00  0.0000000000000000E+00
        44  4.0713309999999998E+00  2.0408430000000002E+00  0.0000000000000000E+00
        45  3.6093530000000000E+00  2.0928049999999998E+00  0.0000000000000000E+00
        46  3.1504840000000001E+00  2.1673469999999999E+00  0.0000000000000000E+00
        47  2.6963140000000001E+00  2.2665229999999998E+00  0.0000000000000000E+00
        48  2.2491189999999999E+00  2.3934129999999998E+00  0.0000000000000000E+00
        49  1.8124300000000000E+00  2.5526279999999999E+00  0.0000000000000000E+00
        50  1.3922600000000001E+00  2.7511850000000000E+00  0.0000000000000000E+00
        51  5.0000000000000000E-01  3.0000000000000000E+00  0.0000000000000000E+00
        52  0.0000000000000000E+00  2.5000000000000000E+00  0.0000000000000000E+00
        53  0.0000000000000000E+00  2.0000000000000000E+00  0.0000000000000000E+00
        54  0.0000000000000000E+00  1.5000000000000000E+00  0.0000000000000000E+00
        55  0.0000000000000000E+00  1.0000000000000000E+00  0.0000000000000000E+00
        56  0.0000000000000000E+00  5.0000000000000000E-01  0.0000000000000000E+00
        57  8.7881110000000007E+00  1.5000000000000000E+00  0.0000000000000000E+00
        58  1.2118890000000000E+00  1.5000000000000000E+00  0.0000000000000000E+00
        59  7.8847280000000000E+00  1.5000000000000000E+00  0.0000000000000000E+00
        60  2.1152720000000000E+00  1.5000000000000000E+00  0.0000000000000000E+00
        61  7.8017110000000001E-01  2.2198289999999998E+00  0.0000000000000000E+00
        62  9.1938420000000001E+00  8.2460210000000000E-01  0.0000000000000000E+00
        63  8.0615789999999998E-01  8.2460210000000000E-01  0.0000000000000000E+00
        64  9.2198290000000007E+00  2.2198289999999998E+00  0.0000000000000000E+00
        65  2.8888140000000000E+00  1.5111230000000000E+00  0.0000000000000000E+00
        66  7.1111860000000000E+00  1.5111230000000000E+00  0.0000000000000000E+00
        67  8.3586250000000000E+00  1.9158480000000000E+00  0.0000000000000000E+00
        68  8.2891779999999997E+00  1.1162150000000000E+00  0.0000000000000000E+00
        69  1.6413750000000000E+00  1.9158480000000000E+00  0.0000000000000000E+00
        70  1.7108220000000001E+00  1.1162150000000000E+00  0.0000000000000000E+00
        71  6.3409800000000001E+00  1.5111230000000000E+00  0.0000000000000000E+00
        72  3.7765879999999998E+00  1.5000000000000000E+00  0.0000000000000000E+00
        73  6.9065390000000004E-01  1.6393810000000000E+00  0.0000000000000000E+00
        74  9.3093459999999997E+00  1.6393810000000000E+00  0.0000000000000000E+00
        75  4.7594360000000000E+00  1.5016380000000000E+00  0.0000000000000000E+00
        76  5.5823989999999997E+00  1.4799560000000000E+00  0.0000000000000000E+00
        77  3.3467460000000000E+00  1.2547980000000001E+00  0.0000000000000000E+00
        78  6.7506839999999997E+00  1.2708640000000000E+00  0.0000000000000000E+00
        79  4.2070629999999998E+00  1.3142240000000001E+00  0.0000000000000000E+00
        80  1.2501810000000000E+00  2.2736860000000001E+00  0.0000000000000000E+00
        81  8.7614560000000008E+00  6.8757679999999999E-01  0.0000000000000000E+00
        82  8.7498190000000005E+00  2.2736860000000001E+00  0.0000000000000000E+00
        83  1.2385440000000001E+00  6.8757679999999999E-01  0.0000000000000000E+00
        84  2.4816259999999999E+00  1.1742220000000001E+00  0.0000000000000000E+00
        85  2.4816259999999999E+00  1.8257779999999999E+00  0.0000000000000000E+00
        86  7.5183739999999997E+00  1.1742220000000001E+00  0.0000000000000000E+00
        87  7.5183739999999997E+00  1.8257779999999999E+00  0.0000000000000000E+00
        88  5.2088970000000003E+00  1.6474190000000000E+00  0.0000000000000000E+00
        89  9.5349609999999991E+00  1.1560960000000000E+00  0.0000000000000000E+00
        90  4.6503919999999999E-01  1.1560960000000000E+00  0.0000000000000000E+00
        91  6.7623160000000002E+00  1.7409859999999999E+00  0.0000000000000000E+00
        92  3.3506950000000000E+00  1.7498860000000001E+00  0.0000000000000000E+00
        93  8.3248069999999998E+00  1.5000000000000000E+00  0.0000000000000000E+00
        94  1.6751929999999999E+00  1.5000000000000000E+00  0.0000000000000000E+00
        95  4.5614230000000000E-01  2.5438580000000002E+00  0.0000000000000000E+00
        96  9.5438580000000002E+00  4.5614230000000000E-01  0.0000000000000000E+00
        97  4.5614230000000000E-01  4.5614230000000000E-01  0.0000000000000000E+00
        98  9.5438580000000002E+00  2.5438580000000002E+00  0.0000000000000000E+00
        99  7.9845139999999999E+00  2.0540289999999999E+00  0.0000000000000000E+00
       100  7.9762459999999997E+00  9.4978819999999997E-01  0.0000000000000000E+00
       101  2.0154860000000001E+00  2.0540289999999999E+00  0.0000000000000000E+00
       102  2.0237539999999998E+00  9.4978819999999997E-01  0.0000000000000000E+00
       103  9.1084669999999992E+00  1.2484379999999999E+00  0.0000000000000000E+00
       104  8.9153249999999995E-01  1.2484379999999999E+00  0.0000000000000000E+00
       105  8.9645900000000001E-01  2.6314259999999998E+00  0.0000000000000000E+00
       106  9.1011489999999995E+00  3.6952279999999998E-01  0.0000000000000000E+00
       107  8.9885060000000006E-01  3.6952279999999998E-01  0.0000000000000000E+00
       108  9.1035409999999999E+00  2.6314259999999998E+00  0.0000000000000000E+00
       109  1.1148540000000000E+00  1.9097489999999999E+00  0.0000000000000000E+00
       110  8.8851460000000007E+00  1.9097489999999999E+00  0.0000000000000000E+00
       111  4.2022890000000002E-01  2.0029360000000000E+00  0.0000000000000000E+00
       112  9.5797709999999991E+00  2.0029360000000000E+00  0.0000000000000000E+00
       113  2.8850370000000001E+00  1.1051270000000000E+00  0.0000000000000000E+00
       114  2.9008820000000002E+00  1.9008520000000000E+00  0.0000000000000000E+00
       115  7.1185380000000000E+00  1.1058779999999999E+00  0.0000000000000000E+00
       116  7.1090159999999996E+00  1.9023509999999999E+00  0.0000000000000000E+00
       117  8.7099510000000002E+00  1.1126900000000000E+00  0.0000000000000000E+00
       118  1.2900490000000000E+00  1.1126900000000000E+00  0.0000000000000000E+00
       119  3.2320939999999998E-01  8.0786519999999995E-01  0.0000000000000000E+00
       120  9.6767909999999997E+00  8.0786519999999995E-01  0.0000000000000000E+00
       121  4.2202270000000004E+00  1.7183040000000001E+00  0.0000000000000000E+00
       122  5.2130349999999996E+00  1.3013660000000000E+00  0.0000000000000000E+00
       123  5.9479899999999999E+00  1.2993619999999999E+00  0.0000000000000000E+00
       124  5.9479899999999999E+00  1.7006380000000001E+00  0.0000000000000000E+00
       125  8.3819269999999992E+00  2.2754129999999999E+00  0.0000000000000000E+00
       126  8.4023839999999996E+00  7.4286390000000002E-01  0.0000000000000000E+00
       127  1.6180730000000001E+00  2.2754129999999999E+00  0.0000000000000000E+00
       128  1.5976159999999999E+00  7.4286390000000002E-01  0.0000000000000000E+00
       129  3.8137590000000001E+00  1.1695220000000000E+00  0.0000000000000000E+00
       130  3.8137590000000001E+00  1.8304780000000000E+00  0.0000000000000000E+00
// LBND : Itype Iface Icell BD_ID
          4         1        62         1
          4         2        55         1
          4         3        48         1
          4         4        94         1
          4         5       187         1
          4         6        66         1
          7         7        63         2
          7         8       186         2
          7         9        95         2
          7        10        47         2
          7        11        56         2
          7        12        68         2
          9        31         7         0
          9        32         8         0
          9        37         9         0
          9        38        10         0
          9        85        29         0
          9        86        30         0
          9        89        31         0
          9        94        32         0
          9       103        37         0
          9       104        38         0
          9       107        39         0
          9       112        40         0
          9       133        53         0
          9       138        54         0
          9       148        61         0
          9       151        64         0
          9       152        65         0
          9       155        67         0
          9       179        80         0
          9       182        81         0
          9       208        92         0
          9       209        93         0
          9       214        98         0
          9       218        99         0
          9       220       100         0
          9       235       109         0
          9       273       138         0
          9       274       139         0
          9       275       140         0
          9       276       141         0
          9       278       144         0
          9       279       145         0
          9       307       174         0
          9       308       175         0
          9       309       176         0
          9       310       177         0
          9       311       180         0
          9       312       181         0
          9       313       182         0
          9       314       183         0
          9       327       191         0
          9       328       196         0
          9       329       197         0
          9       330       198         0
// RBND: WSE U V K E ...
    0.0000000E+00   0.0000000E+00   0.0000000E+00   1.0000000E-05   1.0000000E-07
    0.0000000E+00   0.0000000E+00   0.0000000E+00   1.0000000E-05   1.0000000E-07
    0.0000000E+00   0.0000000E+00   0.0000000E+00   1.0000000E-05   1.0000000E-07
    0.0000000E+00   0.0000000E+00   0.0000000E+00   1.0000000E-05   1.0000000E-07
    0.0000000E+00   0.0000000E+00   0.0000000E+00   1.0000000E-05   1.0000000E-07
    0.0000000E+00   0.0000000E+00   0.0000000E+00   1.0000000E-05   1.0000000E-07
    1.0000000E+00   0.0000000E+00   0.0000000E+00   1.0000000E-05   1.0000000E-07
    1.0000000E+00   0.0000000E+00   0.0000000E+00   1.0000000E-05   1.0000000E-07
    1.0000000E+00   0.0000000E+00   0.0000000E+00   1.0000000E-05   1.0000000E-07
    1.0000000E+00   0.0000000E+00   0.0000000E+00   1.0000000E-05   1.0000000E-07
    1.0000000E+00   0.0000000E+00   0.0000000E+00   1.0000000E-05   1.0000000E-07
    1.0000000E+00   0.0000000E+00   0.0000000E+00   1.0000000E-05   1.0000000E-07
    0.0000000E+00   0.0000000E+00   0.0000000E+00   1.0000000E-05   1.0000000E-07
    0.0000000E+00   0.0000000E+00   0.0000000E+00   1.0000000E-05   1.0000000E-07
    0.0000000E+00   0.0000000E+00   0.0000000E+00   1.0000000E-05   1.0000000E-07
    0.0000000E+00   0.0000000E+00   0.0000000E+00   1.0000000E-05   1.0000000E-07
    0.0000000E+00   0.0000000E+00   0.0000000E+00   1.0000000E-05   1.0000000E-07
    0.0000000E+00   0.0000000E+00   0.0000000E+00   1.0000000E-05   1.0000000E-07
    0.0000000E+00   0.0000000E+00   0.0000000E+00   1.0000000E-05   1.0000000E-07
    0.0000000E+00   0.0000000E+00   0.0000000E+00   1.0000000E-05   1.0000000E-07
    0.0000000E+00   0.0000000E+00   0.0000000E+00   1.0000000E-05   1.0000000E-07
    0.0000000E+00   0.0000000E+00   0.0000000E+00   1.0000000E-05   1.0000000E-07
    0.0000000E+00   0.0000000E+00   0.0000000E+00   1.0000000E-05   1.0000000E-07
    0.0000000E+00   0.0000000E+00   0.0000000E+00   1.0000000E-05   1.0000000E-07
    0.0000000E+00   0.0000000E+00   0.0000000E+00   1.0000000E-05   1.0000000E-07
    0.0000000E+00   0.0000000E+00   0.0000000E+00   1.0000000E-05   1.0000000E-07
    0.0000000E+00   0.0000000E+00   0.0000000E+00   1.0000000E-05   1.0000000E-07
    0.0000000E+00   0.0000000E+00   0.0000000E+00   1.0000000E-05   1.0000000E-07
    0.0000000E+00   0.0000000E+00   0.0000000E+00   1.0000000E-05   1.0000000E-07
    0.0000000E+00   0.0000000E+00   0.0000000E+00   1.0000000E-05   1.0000000E-07
    0.0000000E+00   0.0000000E+00   0.0000000E+00   1.0000000E-05   1.0000000E-07
    0.0000000E+00   0.0000000E+00   0.0000000E+00   1.0000000E-05   1.0000000E-07
    0.0000000E+00   0.0000000E+00   0.0000000E+00   1.0000000E-05   1.0000000E-07
    0.0000000E+00   0.0000000E+00   0.0000000E+00   1.0000000E-05   1.0000000E-07
    0.0000000E+00   0.0000000E+00   0.0000000E+00   1.0000000E-05   1.0000000E-07
    0.0000000E+00   0.0000000E+00   0.0000000E+00   1.0000000E-05   1.0000000E-07
    0.0000000E+00   0.0000000E+00   0.0000000E+00   1.0000000E-05   1.0000000E-07
    0.0000000E+00   0.0000000E+00   0.0000000E+00   1.0000000E-05   1.0000000E-07
    0.0000000E+00   0.0000000E+00   0.0000000E+00   1.0000000E-05   1.0000000E-07
    0.0000000E+00   0.0000000E+00   0.0000000E+00   1.0000000E-05   1.0000000E-07
    0.0000000E+00   0.0000000E+00   0.0000000E+00   1.0000000E-05   1.0000000E-07
    0.0000000E+00   0.0000000E+00   0.0000000E+00   1.0000000E-05   1.0000000E-07
    0.0000000E+00   0.0000000E+00   0.0000000E+00   1.0000000E-05   1.0000000E-07
    0.0000000E+00   0.0000000E+00   0.0000000E+00   1.0000000E-05   1.0000000E-07
    0.0000000E+00   0.0000000E+00   0.0000000E+00   1.0000000E-05   1.0000000E-07
    0.0000000E+00   0.0000000E+00   0.0000000E+00   1.0000000E-05   1.0000000E-07
    0.0000000E+00   0.0000000E+00   0.0000000E+00   1.0000000E-05   1.0000000E-07
    0.0000000E+00   0.0000000E+00   0.0000000E+00   1.0000000E-05   1.0000000E-07
    0.0000000E+00   0.0000000E+00   0.0000000E+00   1.0000000E-05   1.0000000E-07
    0.0000000E+00   0.0000000E+00   0.0000000E+00   1.0000000E-05   1.0000000E-07
    0.0000000E+00   0.0000000E+00   0.0000000E+00   1.0000000E-05   1.0000000E-07
    0.0000000E+00   0.0000000E+00   0.0000000E+00   1.0000000E-05   1.0000000E-07
    0.0000000E+00   0.0000000E+00   0.0000000E+00   1.0000000E-05   1.0000000E-07
    0.0000000E+00   0.0000000E+00   0.0000000E+00   1.0000000E-05   1.0000000E-07
    0.0000000E+00   0.0000000E+00   0.0000000E+00   1.0000000E-05   1.0000000E-07
    0.0000000E+00   0.0000000E+00   0.0000000E+00   1.0000000E-05   1.0000000E-07
// MANNING Roughness Coefficeint
    3.00000000E-02    3.00000000E-02    3.00000000E-02    3.00000000E-02    3.00000000E-02
    3.00000000E-02    3.00000000E-02    3.00000000E-02    3.00000000E-02    3.00000000E-02
    3.00000000E-02    3.00000000E-02    3.00000000E-02    3.00000000E-02    3.00000000E-02
    3.00000000E-02    3.00000000E-02    3.00000000E-02    3.00000000E-02    3.00000000E-02
    3.00000000E-02    3.00000000E-02    3.00000000E-02    3.00000000E-02    3.00000000E-02
    3.00000000E-02    3.00000000E-02    3.00000000E-02    3.00000000E-02    3.00000000E-02
    3.00000000E-02    3.00000000E-02    3.00000000E-02    3.00000000E-02    3.00000000E-02
    3.00000000E-02    3.00000000E-02    3.00000000E-02    3.00000000E-02    3.00000000E-02
    3.00000000E-02    3.00000000E-02    3.00000000E-02    3.00000000E-02    3.00000000E-02
    3.00000000E-02    3.00000000E-02    3.00000000E-02    3.00000000E-02    3.00000000E-02
    3.00000000E-02    3.00000000E-02    3.00000000E-02    3.00000000E-02    3.00000000E-02
    3.00000000E-02    3.00000000E-02    3.00000000E-02    3.00000000E-02    3.00000000E-02
    3.00000000E-02    3.00000000E-02    3.00000000E-02    3.00000000E-02    3.00000000E-02
    3.00000000E-02    3.00000000E-02    3.00000000E-02    3.00000000E-02    3.00000000E-02
    3.00000000E-02    3.00000000E-02    3.00000000E-02    3.00000000E-02    3.00000000E-02
    3.00000000E-02    3.00000000E-02    3.00000000E-02    3.00000000E-02    3.00000000E-02
    3.00000000E-02    3.00000000E-02    3.00000000E-02    3.00000000E-02    3.00000000E-02
    3.00000000E-02    3.00000000E-02    3.00000000E-02    3.00000000E-02    3.00000000E-02
    3.00000000E-02    3.00000000E-02    3.00000000E-02    3.00000000E-02    3.00000000E-02
    3.00000000E-02    3.00000000E-02    3.00000000E-02    3.00000000E-02    3.00000000E-02
    3.00000000E-02    3.00000000E-02    3.00000000E-02    3.00000000E-02    3.00000000E-02
    3.00000000E-02    3.00000000E-02    3.00000000E-02    3.00000000E-02    3.00000000E-02
    3.00000000E-02    3.00000000E-02    3.00000000E-02    3.00000000E-02    3.00000000E-02
    3.00000000E-02    3.00000000E-02    3.00000000E-02    3.00000000E-02    3.00000000E-02
    3.00000000E-02    3.00000000E-02    3.00000000E-02    3.00000000E-02    3.00000000E-02
    3.00000000E-02    3.00000000E-02    3.00000000E-02    3.00000000E-02    3.00000000E-02
    3.00000000E-02    3.00000000E-02    3.00000000E-02    3.00000000E-02    3.00000000E-02
    3.00000000E-02    3.00000000E-02    3.00000000E-02    3.00000000E-02    3.00000000E-02
    3.00000000E-02    3.00000000E-02    3.00000000E-02    3.00000000E-02    3.00000000E-02
    3.00000000E-02    3.00000000E-02    3.00000000E-02    3.00000000E-02    3.00000000E-02
    3.00000000E-02    3.00000000E-02    3.00000000E-02    3.00000000E-02    3.00000000E-02
    3.00000000E-02    3.00000000E-02    3.00000000E-02    3.00000000E-02    3.00000000E-02
    3.00000000E-02    3.00000000E-02    3.00000000E-02    3.00000000E-02    3.00000000E-02
    3.00000000E-02    3.00000000E-02    3.00000000E-02    3.00000000E-02    3.00000000E-02
    3.00000000E-02    3.00000000E-02    3.00000000E-02    3.00000000E-02    3.00000000E-02
    3.00000000E-02    3.00000000E-02    3.00000000E-02    3.00000000E-02    3.00000000E-02
    3.00000000E-02    3.00000000E-02    3.00000000E-02    3.00000000E-02    3.00000000E-02
    3.00000000E-02    3.00000000E-02    3.00000000E-02    3.00000000E-02    3.00000000E-02
    3.00000000E-02    3.00000000E-02    3.00000000E-02    3.00000000E-02    3.00000000E-02
    3.00000000E-02    3.00000000E-02    3.00000000E-02    3.00000000E-02    3.00000000E-02
    3.00000000E-02    3.00000000E-02
// cell_init array
    1  1  1  1  1  1  1  1  1  1  1  1  1  1  1  1  1  1  1  1  1  1  1  1  1
    1  1  1  1  1  1  1  1  1  1  1  1  1  1  1  1  1  1  1  1  1  1  1  1  1
    1  1  1  1  1  1  1  1  1  1  1  1  1  1  1  1  1  1  1  1  1  1  1  1  1
    1  1  1  1  1  1  1  1  1  1  1  1  1  1  1  1  1  1  1  1  1  1  1  1  1
    1  1  1  1  1  1  1  1  1  1  1  1  1  1  1  1  1  1  1  1  1  1  1  1  1
    1  1  1  1  1  1  1  1  1  1  1  1  1  1  1  1  1  1  1  1  1  1  1  1  1
    1  1  1  1  1  1  1  1  1  1  1  1  1  1  1  1  1  1  1  1  1  1  1  1  1
    1  1  1  1  1  1  1  1  1  1  1  1  1  1  1  1  1  1  1  1  1  1  1  1  1
    1  1
// CELL_TYPE
       1       1       1       1       1       1       1       1       1       1
       1       1       1       1       1       1       1       1       1       1
       1       1       1       1       1       1       1       1       1       1
       1       1       1       1       1       1       1       1       1       1
       1       1       1       1       1       1       1       1       1       1
       1       1       1       1       1       1       1       1       1       1
       1       1       1       1       1       1       1       1       1       1
       1       1       1       1       1       1       1       1       1       1
       1       1       1       1       1       1       1       1       1       1
       1       1       1       1       1       1       1       1       1       1
       1       1       1       1       1       1       1       1       1       1
       1       1       1       1       1       1       1       1       1       1
       1       1       1       1       1       1       1       1       1       1
       1       1       1       1       1       1       1       1       1       1
       1       1       1       1       1       1       1       1       1       1
       1       1       1       1       1       1       1       1       1       1
       1       1       1       1       1       1       1       1       1       1
       1       1       1       1       1       1       1       1       1       1
       1       1       1       1       1       1       1       1       1       1
       1       1       1       1       1       1       1       1       1       1
       1       1
// INLET_Q INFO: id_ts_q,t,v_dist;q,t THEN LQBDF
   0   0   3  1.50000000E+00  0.00000000E+00
       1       1       2       1       3       1       4       1       5       1
       6       1
// Output Variable Selection: PRT_VSELECT
  1 1 1 1 1 1 1 1 1 1 0 0 0 0 0 0 0 0 0 0 0 0 0 0 0 0 0 0 0 0
  0 0 0 0 0 0 0 0 0 0
// Number of Output Variables & Variable Headers & Units
  10
        X_meter         Y_meter  Bed_Elev_meter    Water_Elev_m   Water_Depth_m     Vel_X_m_p_s     Vel_Y_m_p_s   Vel_Mag_m_p_s          Froude B_Stress_N_p_m2 
  1.00000000E+00  1.00000000E+00  1.00000000E+00  1.00000000E+00  1.00000000E+00  1.00000000E+00  1.00000000E+00  1.00000000E+00  1.00000000E+00  1.00000000E+00
